ot1	167217	0	0.8807768162745957	0.8807768162745957	0.8807768162745957	0.8807768162745957	0.8807768162745957	0.8807768162745957
it1	167223	0.8807768162745957	0	0.06688960041391767	0.2502208092077394	0.2620918434927877	0.2852456407223993	0.24876823927183103
it2	167224	0.8807768162745957	0.06688960041391767	0	0.274413278003002	0.2465403550017636	0.3061767996376823	0.276910441354522
it3	167225	0.8807768162745957	0.2502208092077394	0.274413278003002	0	0.32787134757077624	0.3161427876098164	0.19896839670504637
it4	167226	0.8807768162745957	0.2620918434927877	0.2465403550017636	0.32787134757077624	0	0.15131564837371683	0.26871019232975196
it5	167227	0.8807768162745957	0.2852456407223993	0.3061767996376823	0.3161427876098164	0.15131564837371683	0	0.2235305751772129
it6	167228	0.8807768162745957	0.24876823927183103	0.276910441354522	0.19896839670504637	0.26871019232975196	0.2235305751772129	0
