hk1	167205	0	0.019996840808700313	0.34055625203497747	0.32421576869269275	0.04177087319340673	0.03733466405625685	0.009124880977571513	0.33049163229051703	0.03992540291612388	0.04417407616450192	0.037315209432881795	0.0396094022300126	0.4738262132912404	0.4900404646047098	0.5210367101880458	0.5073068206632425	0.436581015294997	0.5057710503462244
hk2	167206	0.019996840808700313	0	0.34130600253076443	0.3267749097863718	0.036285617276236304	0.03783918668970557	0.017733018996771228	0.3325977468390753	0.043514211214806926	0.04740795639540316	0.042810186280477246	0.04319821052869566	0.4759323278397987	0.49214657915326826	0.5210367101880456	0.5094129352118009	0.43868712984355535	0.5078771648947826
hk3	167207	0.34055625203497747	0.34130600253076443	0	0.032152109754963555	0.34333311814878315	0.34055625203497747	0.3433578083395973	0.029044079688692853	0.34586250988474093	0.34550842462088427	0.34055625203497747	0.34334212454145785	0.2106827676442426	0.2352632464468399	0.26066880888302557	0.24890878933087435	0.1778611034815016	0.2591586960232427
hk4	167208	0.32421576869269275	0.3267749097863718	0.032152109754963555	0	0.3353773414000924	0.3252285034789373	0.328373689050084	0.008432053195204046	0.33087839059522756	0.33052430533137095	0.3244157146923387	0.32835800525194453	0.21316199980078646	0.23248583184824742	0.2646935686021053	0.24634117080089027	0.19018216504920235	0.25833653308169785
hk5	167209	0.04177087319340673	0.036285617276236304	0.34333311814878315	0.3353773414000924	0	0.012875748611500397	0.04031236316994127	0.3391988930058044	0.016696429684224464	0.01890685411642336	0.01602344424626139	0.015306628903169786	0.4779594434578174	0.49417369477128686	0.5210367101880456	0.5114400508298197	0.44071424546157395	0.5099042805128015
hk6	167210	0.03733466405625685	0.03783918668970557	0.34055625203497747	0.3252285034789373	0.012875748611500397	0	0.039832917739047555	0.33130104686126954	0.011982736109728965	0.011802792627311091	0.009961633541940143	0.014804870220159557	0.4746356278619929	0.4908498791754623	0.5210367101880456	0.5081162352339951	0.43739042986574944	0.5065804649169768
hks1	167211	0.009124880977571513	0.017733018996771228	0.3433578083395973	0.328373689050084	0.04031236316994127	0.039832917739047555	0	0.33464955264790824	0.03511614955931434	0.039009894739910574	0.03942966490126373	0.036142068151890444	0.4779841336486315	0.4941983849621011	0.5210367101880458	0.5114647410206338	0.44073893565238814	0.5099289707036154
hks2	167212	0.33049163229051703	0.3325977468390753	0.029044079688692853	0.008432053195204046	0.3391988930058044	0.33130104686126954	0.33464955264790824	0	0.3371542541930518	0.3368001689291952	0.33069157829016294	0.33463386884976876	0.2105555887331323	0.232872442045019	0.26344513365153266	0.2460510997561546	0.18557773542985365	0.2570880981311253
hks3	167213	0.03992540291612388	0.043514211214806926	0.34586250988474093	0.33087839059522756	0.016696429684224464	0.011982736109728965	0.03511614955931434	0.3371542541930518	0	0.00684199560790421	0.009788565438114072	0.008846691893689959	0.48048883519377505	0.49670308650724465	0.5210367101880458	0.5139694425657774	0.4432436371975317	0.5124336722487591
hks4	167214	0.04417407616450192	0.04740795639540316	0.34550842462088427	0.33052430533137095	0.01890685411642336	0.011802792627311091	0.039009894739910574	0.3368001689291952	0.00684199560790421	0	0.009511726407828318	0.009211727510462257	0.4801347499299185	0.49634900124338793	0.5210367101880456	0.5136153573019206	0.44288955193367513	0.5120795869849025
hks5	167215	0.037315209432881795	0.042810186280477246	0.34055625203497747	0.3244157146923387	0.01602344424626139	0.009961633541940143	0.03942966490126373	0.33069157829016294	0.009788565438114072	0.009511726407828318	0	0.007815779307384668	0.47402615929088626	0.49024041060435575	0.5210367101880456	0.5075067666628884	0.43678096129464294	0.5059709963458703
hks6	167216	0.0396094022300126	0.04319821052869566	0.34334212454145785	0.32835800525194453	0.015306628903169786	0.014804870220159557	0.036142068151890444	0.33463386884976876	0.008846691893689959	0.009211727510462257	0.007815779307384668	0	0.4779684498504921	0.4941827011639616	0.5210367101880458	0.5114490572224943	0.4407232518542487	0.5099132869054762
ot1	167217	0.4738262132912404	0.4759323278397987	0.2106827676442426	0.21316199980078646	0.4779594434578174	0.4746356278619929	0.4779841336486315	0.2105555887331323	0.48048883519377505	0.4801347499299185	0.47402615929088626	0.4779684498504921	0	0.042547428143811995	0.1398930546130503	0.08799084069054566	0.04712033729217196	0.06255641734626331
ot2	167218	0.4900404646047098	0.49214657915326826	0.2352632464468399	0.23248583184824742	0.49417369477128686	0.4908498791754623	0.4941983849621011	0.232872442045019	0.49670308650724465	0.49634900124338793	0.49024041060435575	0.4941827011639616	0.042547428143811995	0	0.13776652080062635	0.07302123573197515	0.07045886135314962	0.044764735781468334
ot3	167219	0.5210367101880458	0.5210367101880456	0.26066880888302557	0.2646935686021053	0.5210367101880456	0.5210367101880456	0.5210367101880458	0.26344513365153266	0.5210367101880458	0.5210367101880456	0.5210367101880456	0.5210367101880458	0.1398930546130503	0.13776652080062635	0	0.15223001675339257	0.14554245758115045	0.10844982647859966
ot4	167220	0.5073068206632425	0.5094129352118009	0.24890878933087435	0.24634117080089027	0.5114400508298197	0.5081162352339951	0.5114647410206338	0.2460510997561546	0.5139694425657774	0.5136153573019206	0.5075067666628884	0.5114490572224943	0.08799084069054566	0.07302123573197515	0.15223001675339257	0	0.12470124620174124	0.0599936687890197
ot5	167221	0.436581015294997	0.43868712984355535	0.1778611034815016	0.19018216504920235	0.44071424546157395	0.43739042986574944	0.44073893565238814	0.18557773542985365	0.4432436371975317	0.44288955193367513	0.43678096129464294	0.4407232518542487	0.04712033729217196	0.07045886135314962	0.14554245758115045	0.12470124620174124	0	0.08953313154052657
ot6	167222	0.5057710503462244	0.5078771648947826	0.2591586960232427	0.25833653308169785	0.5099042805128015	0.5065804649169768	0.5099289707036154	0.2570880981311253	0.5124336722487591	0.5120795869849025	0.5059709963458703	0.5099132869054762	0.06255641734626331	0.044764735781468334	0.10844982647859966	0.0599936687890197	0.08953313154052657	0
