hk1	167205	0	0.016666319910903876	0.1534261311282046	0.16303795895895218	0.02154109989901853	0.03071406912087501	0.01117639053014824	0.1652643063687657	0.0360926163879926	0.04047472607624121	0.032895077445617885	0.03170789925853546	0.22828115243015856	0.235846671109399	0.2804101750036494	0.2532725599653251	0.18187940399334632	0.25890417972286417
hk2	167206	0.016666319910903876	0	0.1505349429698198	0.16014677080056738	0.01552031899657109	0.027130943819129914	0.014165964748415786	0.16237311821038095	0.032454648982638994	0.03657116375678918	0.030003889287233146	0.028069931853181858	0.22902793167712748	0.2365934503563679	0.2811569542506183	0.2540193392122939	0.18032699083079268	0.25965095896983303
hk3	167207	0.1534261311282046	0.1505349429698198	0	0.03148517365260192	0.13979730968477388	0.12810841277369733	0.14787038217693912	0.028217098329547084	0.1260272351239318	0.12237100446315624	0.1249470131989794	0.12866733235755753	0.133242559296774	0.1408080779760144	0.17783575886929967	0.15823396683194058	0.08779576915109959	0.1638655865894796
hk4	167208	0.16303795895895218	0.16014677080056738	0.03148517365260192	0	0.14940913751552148	0.137720240604445	0.15748221000768678	0.005494422732868365	0.13563906295467942	0.13198283229390387	0.13455884102972704	0.13827916018830513	0.14840847125322698	0.15597398993246736	0.19300167082575267	0.1733998787883935	0.1020881297496943	0.17903149854593262
hk5	167209	0.02154109989901853	0.01552031899657109	0.13979730968477388	0.14940913751552148	0	0.01219203203392628	0.014990797613380962	0.15163548492533502	0.017854893442867708	0.021499923059576074	0.014850296485794442	0.013150834812505001	0.2286610542900091	0.23622657296924954	0.28079007686349994	0.25365246182517565	0.17996011344367435	0.2592840815827147
hk6	167210	0.03071406912087501	0.027130943819129914	0.12810841277369733	0.137720240604445	0.01219203203392628	0	0.02494273011030856	0.13994658801425852	0.009116453934049487	0.011789953949142498	0.006750916842350594	0.010511869536823192	0.22667819766564418	0.2342437163448846	0.27880722023913507	0.2516696052008107	0.17797725681930945	0.25730122495834984
hks1	167211	0.01117639053014824	0.014165964748415786	0.14787038217693912	0.15748221000768678	0.014990797613380962	0.02494273011030856	0	0.1597085574175003	0.026784350902368578	0.030956278549967898	0.027339328494352513	0.023751390962130924	0.23203366896451716	0.23959918764375757	0.2841626915380081	0.2570250764996837	0.1833327281181824	0.2626566962572228
hks2	167212	0.1652643063687657	0.16237311821038095	0.028217098329547084	0.005494422732868365	0.15163548492533502	0.13994658801425852	0.1597085574175003	0	0.13786541036449296	0.13420917970371743	0.1367851884395406	0.14050550759811867	0.14571873594306267	0.15328425462230305	0.1903119355155883	0.17071014347822913	0.09984785659311507	0.17634176323576825
hks3	167213	0.0360926163879926	0.032454648982638994	0.1260272351239318	0.13563906295467942	0.017854893442867708	0.009116453934049487	0.026784350902368578	0.13786541036449296	0	0.005251134015634637	0.0086317960056447	0.008482777130778945	0.23274587317203468	0.24031139185127517	0.28487489574552555	0.25773728070720126	0.1840449323257	0.26336890046474043
hks4	167214	0.04047472607624121	0.03657116375678918	0.12237100446315624	0.13198283229390387	0.021499923059576074	0.011789953949142498	0.030956278549967898	0.13420917970371743	0.005251134015634637	0	0.010000024380490125	0.010130385795314036	0.23243628514484285	0.2400018038240833	0.28456530771833366	0.25742769268000937	0.18373534429850807	0.2630593124375485
hks5	167215	0.032895077445617885	0.030003889287233146	0.1249470131989794	0.13455884102972704	0.014850296485794442	0.006750916842350594	0.027339328494352513	0.1367851884395406	0.0086317960056447	0.010000024380490125	0	0.005013736473465654	0.2270580161448871	0.23462353482412754	0.2791870387183779	0.25204942368005373	0.17835707529855233	0.2576810434375928
hks6	167216	0.03170789925853546	0.028069931853181858	0.12866733235755753	0.13827916018830513	0.013150834812505001	0.010511869536823192	0.023751390962130924	0.14050550759811867	0.008482777130778945	0.010130385795314036	0.005013736473465654	0	0.23068191177529776	0.2382474304545382	0.2828109343487886	0.25567331931046433	0.181980970928963	0.2613049390680034
ot1	167217	0.22828115243015856	0.22902793167712748	0.133242559296774	0.14840847125322698	0.2286610542900091	0.22667819766564418	0.23203366896451716	0.14571873594306267	0.23274587317203468	0.23243628514484285	0.2270580161448871	0.23068191177529776	0	0.02089582467133632	0.0646865078448693	0.03406450330762015	0.05006868060499785	0.03992922543234605
ot2	167218	0.235846671109399	0.2365934503563679	0.1408080779760144	0.15597398993246736	0.23622657296924954	0.2342437163448846	0.23959918764375757	0.15328425462230305	0.24031139185127517	0.2400018038240833	0.23462353482412754	0.2382474304545382	0.02089582467133632	0	0.06838003004633794	0.03375524336501867	0.06381107158850438	0.031736046506970685
ot3	167219	0.2804101750036494	0.2811569542506183	0.17783575886929967	0.19300167082575267	0.28079007686349994	0.27880722023913507	0.2841626915380081	0.1903119355155883	0.28487489574552555	0.28456530771833366	0.2791870387183779	0.2828109343487886	0.0646865078448693	0.06838003004633794	0	0.0632588283437307	0.10813314867162484	0.047614035001022084
ot4	167220	0.2532725599653251	0.2540193392122939	0.15823396683194058	0.1733998787883935	0.25365246182517565	0.2516696052008107	0.2570250764996837	0.17071014347822913	0.25773728070720126	0.25742769268000937	0.25204942368005373	0.25567331931046433	0.03406450330762015	0.03375524336501867	0.0632588283437307	0	0.08117737408682478	0.02940785112211927
ot5	167221	0.18187940399334632	0.18032699083079268	0.08779576915109959	0.1020881297496943	0.17996011344367435	0.17797725681930945	0.1833327281181824	0.09984785659311507	0.1840449323257	0.18373534429850807	0.17835707529855233	0.181980970928963	0.05006868060499785	0.06381107158850438	0.10813314867162484	0.08117737408682478	0	0.08936963836169722
ot6	167222	0.25890417972286417	0.25965095896983303	0.1638655865894796	0.17903149854593262	0.2592840815827147	0.25730122495834984	0.2626566962572228	0.17634176323576825	0.26336890046474043	0.2630593124375485	0.2576810434375928	0.2613049390680034	0.03992922543234605	0.031736046506970685	0.047614035001022084	0.02940785112211927	0.08936963836169722	0
